[N
52
20
17 tpd_datag_combout
24
16 tpd_datad_sumout
2
19 cyclonev_lcell_comb
27
18 tpd_sharein_sumout
51
7 sharein
4
8 lut_mask
52
5 datae
49
5 dataf
48
5 datag
5
12 shared_arith
15
17 tpd_datab_combout
8
8 lpm_type
39
10 tipd_dataa
40
10 tipd_datab
41
10 tipd_datac
42
10 tipd_datad
43
10 tipd_datae
44
10 tipd_dataf
45
10 tipd_datag
25
16 tpd_dataf_sumout
23
16 tpd_datac_sumout
36
18 tpd_datab_shareout
7
10 dont_touch
38
18 tpd_datad_shareout
16
17 tpd_datac_combout
13
12 InstancePath
10
3 XOn
33
12 tpd_cin_cout
26
14 tpd_cin_sumout
12
9 XOnChecks
11
11 MsgOnChecks
47
12 tipd_sharein
9
5 MsgOn
18
17 tpd_datae_combout
17
17 tpd_datad_combout
29
14 tpd_datab_cout
31
14 tpd_datad_cout
28
14 tpd_dataa_cout
1
62 /home/shiro/altera_lite/25.1std/questa_fse/intel/vhdl/cyclonev
21
16 tpd_dataa_sumout
30
14 tpd_datac_cout
22
16 tpd_datab_sumout
19
17 tpd_dataf_combout
34
16 tpd_sharein_cout
35
18 tpd_dataa_shareout
37
18 tpd_datac_shareout
32
14 tpd_dataf_cout
46
8 tipd_cin
14
17 tpd_dataa_combout
6
12 extended_lut
3
16 vital_lcell_comb
50
3 cin
]
[G
1
2
3
10
5
0
0
0
0
3 0
111
102
102
1
1
1 3 1 1
]
[G
1
2
3
11
5
0
0
0
0
3 0
111
102
102
1
1
1 3 1 1
]
[G
1
2
3
10
12
0
0
1
0
0 0
0
0
]
[G
1
2
3
15
5
0
0
0
0
3 0
111
102
102
1
1
1 3 1 1
]
[G
1
2
3
16
5
0
0
0
0
3 0
111
102
102
1
1
1 3 1 1
]
[G
1
2
3
15
12
0
0
1
0
0 0
0
0
]
[G
1
2
3
16
12
0
0
1
0
0 0
0
0
]
[G
1
2
3
10
8
0
0
0
0
19 0
99
121
99
108
111
110
101
118
95
108
99
101
108
108
95
99
111
109
98
1
1
1 19 1 1
]
[G
1
2
3
11
8
0
0
0
0
19 0
99
121
99
108
111
110
101
118
95
108
99
101
108
108
95
99
111
109
98
1
1
1 19 1 1
]
[G
1
2
3
15
8
0
0
0
0
19 0
99
121
99
108
111
110
101
118
95
108
99
101
108
108
95
99
111
109
98
1
1
1 19 1 1
]
[G
1
2
3
16
8
0
0
0
0
19 0
99
121
99
108
111
110
101
118
95
108
99
101
108
108
95
99
111
109
98
1
1
1 19 1 1
]
[G
1
2
3
10
15
0
0
0
0
16 1
0
0
0
]
[G
1
2
3
11
12
0
0
1
0
0 0
0
0
]
[G
1
2
3
10
39
0
0
0
0
16 1
0
0
0
]
[G
1
2
3
11
39
0
0
0
0
16 1
0
0
0
]
[G
1
2
3
15
15
0
0
0
0
16 1
0
0
0
]
[G
1
2
3
16
15
0
0
0
0
16 1
0
0
0
]
[G
1
2
3
11
42
0
0
0
0
16 1
0
0
0
]
[G
1
2
3
15
39
0
0
0
0
16 1
0
0
0
]
[G
1
2
3
16
39
0
0
0
0
16 1
0
0
0
]
[G
1
2
3
16
40
0
0
0
0
16 1
0
0
0
]
[G
1
2
3
16
41
0
0
0
0
16 1
0
0
0
]
[G
1
2
3
16
42
0
0
0
0
16 1
0
0
0
]
[G
1
2
3
16
43
0
0
0
0
16 1
0
0
0
]
[G
1
2
3
16
44
0
0
0
0
16 1
0
0
0
]
[G
1
2
3
16
45
0
0
0
0
16 1
0
0
0
]
[G
1
2
3
15
25
0
0
0
0
16 1
0
0
0
]
[G
1
2
3
16
25
0
0
0
0
16 1
0
0
0
]
[G
1
2
3
10
40
0
0
0
0
16 1
0
0
0
]
[G
1
2
3
11
40
0
0
0
0
16 1
0
0
0
]
[G
1
2
3
11
41
0
0
0
0
16 1
0
0
0
]
[G
1
2
3
10
43
0
0
0
0
16 1
0
0
0
]
[G
1
2
3
11
43
0
0
0
0
16 1
0
0
0
]
[G
1
2
3
15
40
0
0
0
0
16 1
0
0
0
]
[G
1
2
3
15
41
0
0
0
0
16 1
0
0
0
]
[G
1
2
3
15
42
0
0
0
0
16 1
0
0
0
]
[G
1
2
3
15
43
0
0
0
0
16 1
0
0
0
]
[G
1
2
3
15
44
0
0
0
0
16 1
0
0
0
]
[G
1
2
3
15
45
0
0
0
0
16 1
0
0
0
]
[G
1
2
3
15
23
0
0
0
0
16 1
0
0
0
]
[G
1
2
3
16
23
0
0
0
0
16 1
0
0
0
]
[G
1
2
3
11
15
0
0
0
0
16 1
0
0
0
]
[G
1
2
3
10
41
0
0
0
0
16 1
0
0
0
]
[G
1
2
3
10
42
0
0
0
0
16 1
0
0
0
]
[G
1
2
3
10
44
0
0
0
0
16 1
0
0
0
]
[G
1
2
3
11
44
0
0
0
0
16 1
0
0
0
]
[G
1
2
3
11
45
0
0
0
0
16 1
0
0
0
]
[G
1
2
3
10
23
0
0
0
0
16 1
0
0
0
]
[G
1
2
3
11
23
0
0
0
0
16 1
0
0
0
]
[G
1
2
3
11
25
0
0
0
0
16 1
0
0
0
]
[G
1
2
3
10
36
0
0
0
0
16 1
0
0
0
]
[G
1
2
3
11
36
0
0
0
0
16 1
0
0
0
]
[G
1
2
3
15
36
0
0
0
0
16 1
0
0
0
]
[G
1
2
3
16
36
0
0
0
0
16 1
0
0
0
]
[G
1
2
3
10
7
0
0
0
0
3 0
111
102
102
1
1
1 3 1 1
]
[G
1
2
3
11
7
0
0
0
0
3 0
111
102
102
1
1
1 3 1 1
]
[G
1
2
3
10
25
0
0
0
0
16 1
0
0
0
]
[G
1
2
3
15
7
0
0
0
0
3 0
111
102
102
1
1
1 3 1 1
]
[G
1
2
3
16
7
0
0
0
0
3 0
111
102
102
1
1
1 3 1 1
]
[G
1
2
3
11
38
0
0
0
0
16 1
0
0
0
]
[G
1
2
3
15
38
0
0
0
0
16 1
0
0
0
]
[G
1
2
3
16
38
0
0
0
0
16 1
0
0
0
]
[G
1
2
3
10
16
0
0
0
0
16 1
0
0
0
]
[G
1
2
3
11
16
0
0
0
0
16 1
0
0
0
]
[G
1
2
3
15
16
0
0
0
0
16 1
0
0
0
]
[G
1
2
3
16
16
0
0
0
0
16 1
0
0
0
]
[G
1
2
3
10
45
0
0
0
0
16 1
0
0
0
]
[G
1
2
3
10
38
0
0
0
0
16 1
0
0
0
]
[G
1
2
3
10
33
0
0
0
0
16 1
0
0
0
]
[G
1
2
3
11
33
0
0
0
0
16 1
0
0
0
]
[G
1
2
3
10
26
0
0
0
0
16 1
0
0
0
]
[G
1
2
3
11
26
0
0
0
0
16 1
0
0
0
]
[G
1
2
3
10
47
0
0
0
0
16 1
0
0
0
]
[G
1
2
3
15
33
0
0
0
0
16 1
0
0
0
]
[G
1
2
3
16
33
0
0
0
0
16 1
0
0
0
]
[G
1
2
3
15
26
0
0
0
0
16 1
0
0
0
]
[G
1
2
3
16
26
0
0
0
0
16 1
0
0
0
]
[G
1
2
3
15
47
0
0
0
0
16 1
0
0
0
]
[G
1
2
3
16
47
0
0
0
0
16 1
0
0
0
]
[G
1
2
3
11
47
0
0
0
0
16 1
0
0
0
]
[G
1
2
3
11
9
0
0
0
0
0 0
0
0
]
[G
1
2
3
15
9
0
0
0
0
0 0
0
0
]
[G
1
2
3
16
9
0
0
0
0
0 0
0
0
]
[G
1
2
3
10
9
0
0
0
0
0 0
0
0
]
[G
1
2
3
10
18
0
0
0
0
16 1
0
0
0
]
[G
1
2
3
11
18
0
0
0
0
16 1
0
0
0
]
[G
1
2
3
15
18
0
0
0
0
16 1
0
0
0
]
[G
1
2
3
16
18
0
0
0
0
16 1
0
0
0
]
[G
1
2
3
10
13
0
0
0
0
1 1
42
1
1
1 1 1 1
]
[G
1
2
3
11
13
0
0
0
0
1 1
42
1
1
1 1 1 1
]
[G
1
2
3
11
17
0
0
0
0
16 1
0
0
0
]
[G
1
2
3
15
13
0
0
0
0
1 1
42
1
1
1 1 1 1
]
[G
1
2
3
16
13
0
0
0
0
1 1
42
1
1
1 1 1 1
]
[G
1
2
3
16
17
0
0
0
0
16 1
0
0
0
]
[G
1
2
3
15
29
0
0
0
0
16 1
0
0
0
]
[G
1
2
3
16
29
0
0
0
0
16 1
0
0
0
]
[G
1
2
3
10
17
0
0
0
0
16 1
0
0
0
]
[G
1
2
3
10
10
0
0
0
0
0 0
0
0
]
[G
1
2
3
11
10
0
0
0
0
0 0
0
0
]
[G
1
2
3
10
29
0
0
0
0
16 1
0
0
0
]
[G
1
2
3
15
17
0
0
0
0
16 1
0
0
0
]
[G
1
2
3
15
10
0
0
0
0
0 0
0
0
]
[G
1
2
3
16
10
0
0
0
0
0 0
0
0
]
[G
1
2
3
10
31
0
0
0
0
16 1
0
0
0
]
[G
1
2
3
11
31
0
0
0
0
16 1
0
0
0
]
[G
1
2
3
15
31
0
0
0
0
16 1
0
0
0
]
[G
1
2
3
16
31
0
0
0
0
16 1
0
0
0
]
[G
1
2
3
10
28
0
0
0
0
16 1
0
0
0
]
[G
1
2
3
11
28
0
0
0
0
16 1
0
0
0
]
[G
1
2
3
15
28
0
0
0
0
16 1
0
0
0
]
[G
1
2
3
16
28
0
0
0
0
16 1
0
0
0
]
[G
1
2
3
11
29
0
0
0
0
16 1
0
0
0
]
[G
1
2
3
10
21
0
0
0
0
16 1
0
0
0
]
[G
1
2
3
11
21
0
0
0
0
16 1
0
0
0
]
[G
1
2
3
15
21
0
0
0
0
16 1
0
0
0
]
[G
1
2
3
16
21
0
0
0
0
16 1
0
0
0
]
[G
1
2
3
10
30
0
0
0
0
16 1
0
0
0
]
[G
1
2
3
11
30
0
0
0
0
16 1
0
0
0
]
[G
1
2
3
15
30
0
0
0
0
16 1
0
0
0
]
[G
1
2
3
16
30
0
0
0
0
16 1
0
0
0
]
[G
1
2
3
10
22
0
0
0
0
16 1
0
0
0
]
[G
1
2
3
11
22
0
0
0
0
16 1
0
0
0
]
[G
1
2
3
11
19
0
0
0
0
16 1
0
0
0
]
[G
1
2
3
10
34
0
0
0
0
16 1
0
0
0
]
[G
1
2
3
11
34
0
0
0
0
16 1
0
0
0
]
[G
1
2
3
15
22
0
0
0
0
16 1
0
0
0
]
[G
1
2
3
16
22
0
0
0
0
16 1
0
0
0
]
[G
1
2
3
16
19
0
0
0
0
16 1
0
0
0
]
[G
1
2
3
15
34
0
0
0
0
16 1
0
0
0
]
[G
1
2
3
16
34
0
0
0
0
16 1
0
0
0
]
[G
1
2
3
10
35
0
0
0
0
16 1
0
0
0
]
[G
1
2
3
11
35
0
0
0
0
16 1
0
0
0
]
[G
1
2
3
10
37
0
0
0
0
16 1
0
0
0
]
[G
1
2
3
11
37
0
0
0
0
16 1
0
0
0
]
[G
1
2
3
15
35
0
0
0
0
16 1
0
0
0
]
[G
1
2
3
16
35
0
0
0
0
16 1
0
0
0
]
[G
1
2
3
15
37
0
0
0
0
16 1
0
0
0
]
[G
1
2
3
16
37
0
0
0
0
16 1
0
0
0
]
[G
1
2
3
10
19
0
0
0
0
16 1
0
0
0
]
[G
1
2
3
15
19
0
0
0
0
16 1
0
0
0
]
[G
1
2
3
11
32
0
0
0
0
16 1
0
0
0
]
[G
1
2
3
15
32
0
0
0
0
16 1
0
0
0
]
[G
1
2
3
16
32
0
0
0
0
16 1
0
0
0
]
[G
1
2
3
10
46
0
0
0
0
16 1
0
0
0
]
[G
1
2
3
11
46
0
0
0
0
16 1
0
0
0
]
[G
1
2
3
15
46
0
0
0
0
16 1
0
0
0
]
[G
1
2
3
16
46
0
0
0
0
16 1
0
0
0
]
[G
1
2
3
10
14
0
0
0
0
16 1
0
0
0
]
[G
1
2
3
11
14
0
0
0
0
16 1
0
0
0
]
[G
1
2
3
10
6
0
0
0
0
3 0
111
102
102
1
1
1 3 1 1
]
[G
1
2
3
11
6
0
0
0
0
3 0
111
102
102
1
1
1 3 1 1
]
[G
1
2
3
10
11
0
0
1
0
0 0
0
0
]
[G
1
2
3
15
14
0
0
0
0
16 1
0
0
0
]
[G
1
2
3
16
14
0
0
0
0
16 1
0
0
0
]
[G
1
2
3
15
6
0
0
0
0
3 0
111
102
102
1
1
1 3 1 1
]
[G
1
2
3
16
6
0
0
0
0
3 0
111
102
102
1
1
1 3 1 1
]
[G
1
2
3
15
11
0
0
1
0
0 0
0
0
]
[G
1
2
3
16
11
0
0
1
0
0 0
0
0
]
[G
1
2
3
11
11
0
0
1
0
0 0
0
0
]
[G
1
2
3
10
20
0
0
0
0
16 1
0
0
0
]
[G
1
2
3
11
20
0
0
0
0
16 1
0
0
0
]
[G
1
2
3
11
24
0
0
0
0
16 1
0
0
0
]
[G
1
2
3
15
20
0
0
0
0
16 1
0
0
0
]
[G
1
2
3
16
20
0
0
0
0
16 1
0
0
0
]
[G
1
2
3
16
24
0
0
0
0
16 1
0
0
0
]
[G
1
2
3
10
32
0
0
0
0
16 1
0
0
0
]
[G
1
2
3
10
24
0
0
0
0
16 1
0
0
0
]
[G
1
2
3
15
24
0
0
0
0
16 1
0
0
0
]
[G
1
2
3
10
27
0
0
0
0
16 1
0
0
0
]
[G
1
2
3
11
27
0
0
0
0
16 1
0
0
0
]
[G
1
2
3
15
27
0
0
0
0
16 1
0
0
0
]
[G
1
2
3
16
27
0
0
0
0
16 1
0
0
0
]
[G
1
2
3
10
4
0
0
0
0
64 0
2
3
2
2
3
3
2
3
2
3
2
2
2
3
2
2
3
3
2
3
3
3
2
3
2
3
2
2
3
3
2
3
2
3
2
2
3
3
2
3
2
3
2
2
2
3
2
2
2
3
2
2
3
3
2
3
2
3
2
2
2
3
2
2
0
0
]
[G
1
2
3
11
4
0
0
0
0
64 0
3
3
3
3
3
2
3
3
2
2
2
2
2
2
2
2
3
3
3
3
3
2
3
3
2
2
2
2
2
2
2
2
3
3
3
3
3
2
3
3
2
2
2
2
2
2
2
2
3
3
3
3
3
2
3
3
2
2
2
2
2
2
2
2
0
0
]
[G
1
2
3
15
4
0
0
0
0
64 0
3
3
2
3
2
3
2
2
2
3
2
2
2
3
2
2
3
3
2
3
2
3
2
2
2
3
2
2
2
3
2
2
3
3
2
3
2
3
2
2
2
3
2
2
2
3
2
2
3
3
2
3
2
3
2
2
2
3
2
2
2
3
2
2
0
0
]
[G
1
2
3
16
4
0
0
0
0
64 0
2
3
2
2
3
3
2
3
2
3
2
2
2
3
2
2
3
3
2
3
3
3
2
3
2
3
2
2
3
3
2
3
2
3
2
2
3
3
2
3
2
3
2
2
2
3
2
2
3
3
2
3
3
3
2
3
2
3
2
2
3
3
2
3
0
0
]
[P
1
2
3
49
52
15
0
0
]
[P
1
2
3
48
52
15
0
0
]
[P
1
2
3
48
49
16
0
0
]
[P
1
2
3
50
48
10
0
0
]
[P
1
2
3
50
52
11
0
0
]
[P
1
2
3
50
52
15
0
0
]
[P
1
2
3
50
49
16
0
0
]
[P
1
2
3
51
48
10
0
0
]
[P
1
2
3
51
52
11
0
0
]
[P
1
2
3
51
52
15
0
0
]
[P
1
2
3
51
49
16
0
0
]
[P
1
2
3
49
52
11
0
0
]
[P
1
2
3
48
52
11
0
0
]
